1.000000 0.841471
1.090909 0.887047
1.181818 0.925297
1.272727 0.955905
1.363636 0.978619
1.454545 0.993250
1.545455 0.999679
1.636364 0.997851
1.727273 0.987783
1.818182 0.969556
1.909091 0.943322
2.000000 0.909297
2.090909 0.867763
2.181818 0.819062
2.272727 0.763597
2.363636 0.701825
2.454545 0.634257
2.545455 0.561451
2.636364 0.484008
2.727273 0.402567
2.818182 0.317802
2.909091 0.230413
3.000000 0.141120
3.090909 0.050662
3.181818 -0.040215
3.272727 -0.130759
3.363636 -0.220224
3.454545 -0.307869
3.545455 -0.392972
3.636364 -0.474830
3.727273 -0.552766
3.818182 -0.626137
3.909091 -0.694337
4.000000 -0.756802
4.090909 -0.813018
4.181818 -0.862518
4.272727 -0.904896
4.363636 -0.939800
4.454545 -0.966942
4.545455 -0.986099
4.636364 -0.997111
4.727273 -0.999889
4.818182 -0.994409
4.909091 -0.980716
5.000000 -0.958924
5.090909 -0.929213
5.181818 -0.891827
5.272727 -0.847075
5.363636 -0.795328
5.454545 -0.737013
5.545455 -0.672610
5.636364 -0.602653
5.727273 -0.527719
5.818182 -0.448426
5.909091 -0.365430
6.000000 -0.279415
6.090909 -0.191094
6.181818 -0.101194
6.272727 -0.010458
6.363636 0.080364
6.454545 0.170523
6.545455 0.259273
6.636364 0.345882
6.727273 0.429634
6.818182 0.509838
6.909091 0.585831
7.000000 0.656987
7.090909 0.722716
7.181818 0.782476
7.272727 0.835775
7.363636 0.882170
7.454545 0.921280
7.545455 0.952782
7.636364 0.976415
7.727273 0.991983
7.818182 0.999359
7.909091 0.998482
8.000000 0.989358
8.090909 0.972064
8.181818 0.946741
8.272727 0.913600
8.363636 0.872913
8.454545 0.825017
8.545455 0.770308
8.636364 0.709236
8.727273 0.642308
8.818182 0.570074
8.909091 0.493133
9.000000 0.412118
9.090909 0.327701
9.181818 0.240577
9.272727 0.151465
9.363636 0.061104
9.454545 -0.029763
9.545455 -0.120384
9.636364 -0.210010
9.727273 -0.297903
9.818182 -0.383334
9.909091 -0.465600
